H:
1,0,0,1,
1,0,0,1,
1,0,0,1,
1,1,1,1,
1,0,0,1,
1,0,0,1,
1,0,0,1,

E:
1,1,1,1,
1,0,0,0,
1,0,0,0,
1,1,1,0,
1,0,0,0,
1,0,0,0,
1,1,1,1,


L:
1,0,0,0,
1,0,0,0,
1,0,0,0,
1,0,0,0,
1,0,0,0,
1,0,0,0,
1,1,1,1,

L:
1,0,0,0,
1,0,0,0,
1,0,0,0,
1,0,0,0,
1,0,0,0,
1,0,0,0,
1,1,1,1,

O:
0,1,1,0,
1,0,0,1,
1,0,0,1,
1,0,0,1,
1,0,0,1,
1,0,0,1,
0,1,1,0,

W:
1,0,0,1,
1,0,0,1,
1,0,0,1,
1,0,0,1,
1,0,0,1,
1,1,1,1,
1,0,0,1,


W:
1,0,0,1,
1,0,0,1,
1,0,0,1,
1,0,0,1,
1,0,0,1,
1,1,1,1,
1,0,0,1,

O:
0,1,1,0,
1,0,0,1,
1,0,0,1,
1,0,0,1,
1,0,0,1,
1,0,0,1,
0,1,1,0,

R:
1,1,1,0,
1,0,0,1,
1,0,0,1,
1,1,1,0,
1,0,1,0,
1,0,0,1,
1,0,0,1,

L:
1,0,0,0,
1,0,0,0,
1,0,0,0,
1,0,0,0,
1,0,0,0,
1,0,0,0,
1,1,1,1,

D:
1,1,1,0,
1,0,0,1,
1,0,0,1,
1,0,0,1,
1,0,0,1,
1,0,0,1,
1,1,1,0,
